1 1 1.55 0.79305 2.08588
2 1 1.55 0.79305 5.18588
3 1 1.55 3.89305 2.08588
4 1 1.55 3.89305 5.18588
5 1 1.55 6.99305 2.08588
6 1 1.55 6.99305 5.18588
7 1 4.65 0.79305 2.08588
8 1 4.65 0.79305 5.18588
9 1 4.65 3.89305 2.08588
10 1 4.65 3.89305 5.18588
11 1 4.65 6.99305 2.08588
12 1 4.65 6.99305 5.18588
13 2 1.55 1.55 1.5
14 2 1.55 1.55 4.6
15 2 1.55 1.55 7.7
16 2 1.55 4.65 1.5
17 2 1.55 4.65 4.6
18 2 1.55 4.65 7.7
19 2 4.65 1.55 1.5
20 2 4.65 1.55 4.6
21 2 4.65 1.55 7.7
22 2 4.65 4.65 1.5
23 2 4.65 4.65 4.6
24 2 4.65 4.65 7.7
25 1 1.55 2.30695 2.08588
26 1 1.55 2.30695 5.18588
27 1 1.55 5.40695 2.08588
28 1 1.55 5.40695 5.18588
29 1 4.65 2.30695 2.08588
30 1 4.65 2.30695 5.18588
31 1 4.65 5.40695 2.08588
32 1 4.65 5.40695 5.18588
33 1 1.55 0.79305 8.28588
34 1 1.55 0.79305 11.38588
35 1 1.55 0.79305 14.48588
36 1 1.55 3.89305 8.28588
37 1 1.55 3.89305 11.38588
38 1 1.55 3.89305 14.48588
39 1 1.55 6.99305 8.28588
40 1 1.55 6.99305 11.38588
41 1 1.55 6.99305 14.48588
42 1 4.65 0.79305 8.28588
43 1 4.65 0.79305 11.38588
44 1 4.65 0.79305 14.48588
45 1 4.65 3.89305 8.28588
46 1 4.65 3.89305 11.38588
47 1 4.65 3.89305 14.48588
48 1 4.65 6.99305 8.28588
49 1 4.65 6.99305 11.38588
50 1 4.65 6.99305 14.48588
51 2 1.55 1.55 10.8
52 2 1.55 1.55 13.9
53 2 1.55 4.65 10.8
54 2 1.55 4.65 13.9
55 2 4.65 1.55 10.8
56 2 4.65 1.55 13.9
57 2 4.65 4.65 10.8
58 2 4.65 4.65 13.9
59 1 1.55 2.30695 8.28588
60 1 1.55 2.30695 11.38588
61 1 1.55 2.30695 14.48588
62 1 1.55 5.40695 8.28588
63 1 1.55 5.40695 11.38588
64 1 1.55 5.40695 14.48588
65 1 4.65 2.30695 8.28588
66 1 4.65 2.30695 11.38588
67 1 4.65 2.30695 14.48588
68 1 4.65 5.40695 8.28588
69 1 4.65 5.40695 11.38588
70 1 4.65 5.40695 14.48588
71 1 1.55 10.09305 2.08588
72 1 1.55 10.09305 5.18588
73 1 1.55 13.19305 2.08588
74 1 1.55 13.19305 5.18588
75 1 4.65 10.09305 2.08588
76 1 4.65 10.09305 5.18588
77 1 4.65 13.19305 2.08588
78 1 4.65 13.19305 5.18588
79 2 1.55 7.75 1.5
80 2 1.55 7.75 4.6
81 2 1.55 7.75 7.7
82 2 1.55 10.85 1.5
83 2 1.55 10.85 4.6
84 2 1.55 10.85 7.7
85 2 1.55 13.95 1.5
86 2 1.55 13.95 4.6
87 2 1.55 13.95 7.7
88 2 4.65 7.75 1.5
89 2 4.65 7.75 4.6
90 2 4.65 7.75 7.7
91 2 4.65 10.85 1.5
92 2 4.65 10.85 4.6
93 2 4.65 10.85 7.7
94 2 4.65 13.95 1.5
95 2 4.65 13.95 4.6
96 2 4.65 13.95 7.7
97 1 1.55 8.50695 2.08588
98 1 1.55 8.50695 5.18588
99 1 1.55 11.60695 2.08588
100 1 1.55 11.60695 5.18588
101 1 1.55 14.70695 2.08588
102 1 1.55 14.70695 5.18588
103 1 4.65 8.50695 2.08588
104 1 4.65 8.50695 5.18588
105 1 4.65 11.60695 2.08588
106 1 4.65 11.60695 5.18588
107 1 4.65 14.70695 2.08588
108 1 4.65 14.70695 5.18588
109 1 1.55 10.09305 8.28588
110 1 1.55 10.09305 11.38588
111 1 1.55 10.09305 14.48588
112 1 1.55 13.19305 8.28588
113 1 1.55 13.19305 11.38588
114 1 1.55 13.19305 14.48588
115 1 4.65 10.09305 8.28588
116 1 4.65 10.09305 11.38588
117 1 4.65 10.09305 14.48588
118 1 4.65 13.19305 8.28588
119 1 4.65 13.19305 11.38588
120 1 4.65 13.19305 14.48588
121 2 1.55 7.75 10.8
122 2 1.55 7.75 13.9
123 2 1.55 10.85 10.8
124 2 1.55 10.85 13.9
125 2 1.55 13.95 10.8
126 2 1.55 13.95 13.9
127 2 4.65 7.75 10.8
128 2 4.65 7.75 13.9
129 2 4.65 10.85 10.8
130 2 4.65 10.85 13.9
131 2 4.65 13.95 10.8
132 2 4.65 13.95 13.9
133 1 1.55 8.50695 8.28588
134 1 1.55 8.50695 11.38588
135 1 1.55 8.50695 14.48588
136 1 1.55 11.60695 8.28588
137 1 1.55 11.60695 11.38588
138 1 1.55 11.60695 14.48588
139 1 1.55 14.70695 8.28588
140 1 1.55 14.70695 11.38588
141 1 1.55 14.70695 14.48588
142 1 4.65 8.50695 8.28588
143 1 4.65 8.50695 11.38588
144 1 4.65 8.50695 14.48588
145 1 4.65 11.60695 8.28588
146 1 4.65 11.60695 11.38588
147 1 4.65 11.60695 14.48588
148 1 4.65 14.70695 8.28588
149 1 4.65 14.70695 11.38588
150 1 4.65 14.70695 14.48588
151 1 7.75 0.79305 2.08588
152 1 7.75 0.79305 5.18588
153 1 7.75 3.89305 2.08588
154 1 7.75 3.89305 5.18588
155 1 7.75 6.99305 2.08588
156 1 7.75 6.99305 5.18588
157 1 10.85 0.79305 2.08588
158 1 10.85 0.79305 5.18588
159 1 10.85 3.89305 2.08588
160 1 10.85 3.89305 5.18588
161 1 10.85 6.99305 2.08588
162 1 10.85 6.99305 5.18588
163 1 13.95 0.79305 2.08588
164 1 13.95 0.79305 5.18588
165 1 13.95 3.89305 2.08588
166 1 13.95 3.89305 5.18588
167 1 13.95 6.99305 2.08588
168 1 13.95 6.99305 5.18588
169 2 7.75 1.55 1.5
170 2 7.75 1.55 4.6
171 2 7.75 1.55 7.7
172 2 7.75 4.65 1.5
173 2 7.75 4.65 4.6
174 2 7.75 4.65 7.7
175 2 10.85 1.55 1.5
176 2 10.85 1.55 4.6
177 2 10.85 1.55 7.7
178 2 10.85 4.65 1.5
179 2 10.85 4.65 4.6
180 2 10.85 4.65 7.7
181 2 13.95 1.55 1.5
182 2 13.95 1.55 4.6
183 2 13.95 1.55 7.7
184 2 13.95 4.65 1.5
185 2 13.95 4.65 4.6
186 2 13.95 4.65 7.7
187 1 7.75 2.30695 2.08588
188 1 7.75 2.30695 5.18588
189 1 7.75 5.40695 2.08588
190 1 7.75 5.40695 5.18588
191 1 10.85 2.30695 2.08588
192 1 10.85 2.30695 5.18588
193 1 10.85 5.40695 2.08588
194 1 10.85 5.40695 5.18588
195 1 13.95 2.30695 2.08588
196 1 13.95 2.30695 5.18588
197 1 13.95 5.40695 2.08588
198 1 13.95 5.40695 5.18588
199 1 7.75 0.79305 8.28588
200 1 7.75 0.79305 11.38588
201 1 7.75 0.79305 14.48588
202 1 7.75 3.89305 8.28588
203 1 7.75 3.89305 11.38588
204 1 7.75 3.89305 14.48588
205 1 7.75 6.99305 8.28588
206 1 7.75 6.99305 11.38588
207 1 7.75 6.99305 14.48588
208 1 10.85 0.79305 8.28588
209 1 10.85 0.79305 11.38588
210 1 10.85 0.79305 14.48588
211 1 10.85 3.89305 8.28588
212 1 10.85 3.89305 11.38588
213 1 10.85 3.89305 14.48588
214 1 10.85 6.99305 8.28588
215 1 10.85 6.99305 11.38588
216 1 10.85 6.99305 14.48588
217 1 13.95 0.79305 8.28588
218 1 13.95 0.79305 11.38588
219 1 13.95 0.79305 14.48588
220 1 13.95 3.89305 8.28588
221 1 13.95 3.89305 11.38588
222 1 13.95 3.89305 14.48588
223 1 13.95 6.99305 8.28588
224 1 13.95 6.99305 11.38588
225 1 13.95 6.99305 14.48588
226 2 7.75 1.55 10.8
227 2 7.75 1.55 13.9
228 2 7.75 4.65 10.8
229 2 7.75 4.65 13.9
230 2 10.85 1.55 10.8
231 2 10.85 1.55 13.9
232 2 10.85 4.65 10.8
233 2 10.85 4.65 13.9
234 2 13.95 1.55 10.8
235 2 13.95 1.55 13.9
236 2 13.95 4.65 10.8
237 2 13.95 4.65 13.9
238 1 7.75 2.30695 8.28588
239 1 7.75 2.30695 11.38588
240 1 7.75 2.30695 14.48588
241 1 7.75 5.40695 8.28588
242 1 7.75 5.40695 11.38588
243 1 7.75 5.40695 14.48588
244 1 10.85 2.30695 8.28588
245 1 10.85 2.30695 11.38588
246 1 10.85 2.30695 14.48588
247 1 10.85 5.40695 8.28588
248 1 10.85 5.40695 11.38588
249 1 10.85 5.40695 14.48588
250 1 13.95 2.30695 8.28588
251 1 13.95 2.30695 11.38588
252 1 13.95 2.30695 14.48588
253 1 13.95 5.40695 8.28588
254 1 13.95 5.40695 11.38588
255 1 13.95 5.40695 14.48588
256 1 7.75 10.09305 2.08588
257 1 7.75 10.09305 5.18588
258 1 7.75 13.19305 2.08588
259 1 7.75 13.19305 5.18588
260 1 10.85 10.09305 2.08588
261 1 10.85 10.09305 5.18588
262 1 10.85 13.19305 2.08588
263 1 10.85 13.19305 5.18588
264 1 13.95 10.09305 2.08588
265 1 13.95 10.09305 5.18588
266 1 13.95 13.19305 2.08588
267 1 13.95 13.19305 5.18588
268 2 7.75 7.75 1.5
269 2 7.75 7.75 4.6
270 2 7.75 7.75 7.7
271 2 7.75 10.85 1.5
272 2 7.75 10.85 4.6
273 2 7.75 10.85 7.7
274 2 7.75 13.95 1.5
275 2 7.75 13.95 4.6
276 2 7.75 13.95 7.7
277 2 10.85 7.75 1.5
278 2 10.85 7.75 4.6
279 2 10.85 7.75 7.7
280 2 10.85 10.85 1.5
281 2 10.85 10.85 4.6
282 2 10.85 10.85 7.7
283 2 10.85 13.95 1.5
284 2 10.85 13.95 4.6
285 2 10.85 13.95 7.7
286 2 13.95 7.75 1.5
287 2 13.95 7.75 4.6
288 2 13.95 7.75 7.7
289 2 13.95 10.85 1.5
290 2 13.95 10.85 4.6
291 2 13.95 10.85 7.7
292 2 13.95 13.95 1.5
293 2 13.95 13.95 4.6
294 2 13.95 13.95 7.7
295 1 7.75 8.50695 2.08588
296 1 7.75 8.50695 5.18588
297 1 7.75 11.60695 2.08588
298 1 7.75 11.60695 5.18588
299 1 7.75 14.70695 2.08588
300 1 7.75 14.70695 5.18588
301 1 10.85 8.50695 2.08588
302 1 10.85 8.50695 5.18588
303 1 10.85 11.60695 2.08588
304 1 10.85 11.60695 5.18588
305 1 10.85 14.70695 2.08588
306 1 10.85 14.70695 5.18588
307 1 13.95 8.50695 2.08588
308 1 13.95 8.50695 5.18588
309 1 13.95 11.60695 2.08588
310 1 13.95 11.60695 5.18588
311 1 13.95 14.70695 2.08588
312 1 13.95 14.70695 5.18588
313 1 7.75 10.09305 8.28588
314 1 7.75 10.09305 11.38588
315 1 7.75 10.09305 14.48588
316 1 7.75 13.19305 8.28588
317 1 7.75 13.19305 11.38588
318 1 7.75 13.19305 14.48588
319 1 10.85 10.09305 8.28588
320 1 10.85 10.09305 11.38588
321 1 10.85 10.09305 14.48588
322 1 10.85 13.19305 8.28588
323 1 10.85 13.19305 11.38588
324 1 10.85 13.19305 14.48588
325 1 13.95 10.09305 8.28588
326 1 13.95 10.09305 11.38588
327 1 13.95 10.09305 14.48588
328 1 13.95 13.19305 8.28588
329 1 13.95 13.19305 11.38588
330 1 13.95 13.19305 14.48588
331 2 7.75 7.75 10.8
332 2 7.75 7.75 13.9
333 2 7.75 10.85 10.8
334 2 7.75 10.85 13.9
335 2 7.75 13.95 10.8
336 2 7.75 13.95 13.9
337 2 10.85 7.75 10.8
338 2 10.85 7.75 13.9
339 2 10.85 10.85 10.8
340 2 10.85 10.85 13.9
341 2 10.85 13.95 10.8
342 2 10.85 13.95 13.9
343 2 13.95 7.75 10.8
344 2 13.95 7.75 13.9
345 2 13.95 10.85 10.8
346 2 13.95 10.85 13.9
347 2 13.95 13.95 10.8
348 2 13.95 13.95 13.9
349 1 7.75 8.50695 8.28588
350 1 7.75 8.50695 11.38588
351 1 7.75 8.50695 14.48588
352 1 7.75 11.60695 8.28588
353 1 7.75 11.60695 11.38588
354 1 7.75 11.60695 14.48588
355 1 7.75 14.70695 8.28588
356 1 7.75 14.70695 11.38588
357 1 7.75 14.70695 14.48588
358 1 10.85 8.50695 8.28588
359 1 10.85 8.50695 11.38588
360 1 10.85 8.50695 14.48588
361 1 10.85 11.60695 8.28588
362 1 10.85 11.60695 11.38588
363 1 10.85 11.60695 14.48588
364 1 10.85 14.70695 8.28588
365 1 10.85 14.70695 11.38588
366 1 10.85 14.70695 14.48588
367 1 13.95 8.50695 8.28588
368 1 13.95 8.50695 11.38588
369 1 13.95 8.50695 14.48588
370 1 13.95 11.60695 8.28588
371 1 13.95 11.60695 11.38588
372 1 13.95 11.60695 14.48588
373 1 13.95 14.70695 8.28588
374 1 13.95 14.70695 11.38588
375 1 13.95 14.70695 14.48588
